r14 = 0 + 0.0576 * j;

r49 = 0.01 + 0.085 * j;

r45 = 0.017 + 0.092 * j;
r56 = 0.039 + 0.17 * j;
r67 = 0.0119 + 0.1008 * j;
r78 = 0.0085 + 0.072 * j;
r89 = 0.032 + 0.161 * j;

R = r14 + 1 / (1/(r45 + r56+ r67 + r78 + r89) + 1 / r49);
